128 6432
0 127
0 124
0 121
0 119
0 118
0 116
0 113
0 109
0 108
0 107
0 104
0 102
0 101
0 99
0 97
0 96
0 91
0 90
0 89
0 87
0 79
0 78
0 77
0 75
0 73
0 72
0 71
0 69
0 67
0 66
0 64
0 63
0 61
0 56
0 54
0 46
0 43
0 42
0 38
0 36
0 32
0 31
0 30
0 27
0 26
0 22
0 18
0 15
0 11
0 7
1 127
1 126
1 125
1 122
1 121
1 117
1 115
1 114
1 113
1 112
1 110
1 109
1 107
1 106
1 105
1 100
1 99
1 98
1 95
1 94
1 93
1 92
1 91
1 90
1 88
1 87
1 85
1 83
1 82
1 81
1 75
1 74
1 72
1 70
1 69
1 68
1 67
1 66
1 65
1 63
1 61
1 60
1 59
1 57
1 55
1 52
1 51
1 45
1 44
1 42
1 40
1 37
1 35
1 29
1 27
1 26
1 24
1 23
1 22
1 21
1 19
1 18
1 13
1 12
1 9
1 7
1 6
1 5
2 123
2 120
2 103
2 86
2 84
2 80
2 76
2 62
2 58
2 53
2 49
2 48
2 47
2 41
2 39
2 36
2 34
2 33
2 32
2 31
2 28
2 25
2 20
2 17
2 16
2 15
2 14
2 11
2 10
2 8
2 4
2 3
3 123
3 111
3 103
3 86
3 84
3 80
3 76
3 62
3 58
3 53
3 49
3 48
3 47
3 41
3 39
3 28
3 25
3 20
3 17
3 16
3 14
3 10
3 8
3 4
3 2
4 123
4 120
4 116
4 111
4 103
4 101
4 86
4 84
4 80
4 76
4 73
4 62
4 58
4 53
4 49
4 48
4 47
4 46
4 41
4 39
4 36
4 34
4 32
4 31
4 28
4 25
4 20
4 17
4 15
4 14
4 11
4 10
4 8
4 3
4 2
5 127
5 126
5 125
5 122
5 121
5 115
5 114
5 112
5 110
5 109
5 107
5 106
5 105
5 102
5 97
5 95
5 94
5 92
5 91
5 90
5 88
5 87
5 83
5 75
5 74
5 70
5 69
5 68
5 67
5 66
5 65
5 63
5 61
5 59
5 56
5 55
5 54
5 52
5 51
5 44
5 40
5 37
5 29
5 27
5 26
5 23
5 22
5 19
5 12
5 9
5 7
5 1
6 127
6 126
6 125
6 124
6 122
6 121
6 117
6 116
6 115
6 114
6 113
6 112
6 110
6 109
6 107
6 106
6 104
6 101
6 100
6 99
6 98
6 96
6 93
6 92
6 91
6 90
6 89
6 87
6 85
6 82
6 81
6 78
6 77
6 75
6 74
6 73
6 72
6 68
6 67
6 65
6 64
6 63
6 61
6 60
6 57
6 52
6 51
6 50
6 45
6 44
6 42
6 40
6 38
6 37
6 35
6 29
6 27
6 26
6 24
6 23
6 21
6 19
6 18
6 13
6 9
6 7
6 1
7 127
7 126
7 125
7 124
7 122
7 121
7 117
7 116
7 115
7 114
7 113
7 112
7 110
7 109
7 108
7 107
7 106
7 104
7 102
7 101
7 100
7 99
7 98
7 97
7 96
7 95
7 93
7 92
7 91
7 90
7 89
7 88
7 87
7 85
7 83
7 82
7 81
7 79
7 78
7 77
7 75
7 74
7 73
7 72
7 70
7 69
7 68
7 67
7 66
7 65
7 64
7 63
7 61
7 60
7 57
7 56
7 54
7 52
7 51
7 50
7 45
7 44
7 42
7 40
7 38
7 37
7 35
7 32
7 29
7 27
7 26
7 24
7 23
7 19
7 18
7 15
7 13
7 12
7 9
7 6
7 5
7 1
7 0
8 123
8 111
8 103
8 86
8 84
8 80
8 76
8 62
8 58
8 53
8 49
8 48
8 47
8 41
8 39
8 28
8 25
8 20
8 17
8 16
8 14
8 10
8 4
8 3
8 2
9 127
9 126
9 125
9 122
9 121
9 117
9 115
9 114
9 113
9 112
9 110
9 109
9 106
9 99
9 98
9 95
9 93
9 92
9 91
9 90
9 88
9 87
9 85
9 83
9 82
9 81
9 75
9 74
9 72
9 70
9 69
9 68
9 67
9 65
9 63
9 61
9 60
9 59
9 57
9 55
9 52
9 51
9 45
9 44
9 42
9 40
9 37
9 35
9 29
9 27
9 26
9 24
9 23
9 22
9 21
9 19
9 18
9 13
9 12
9 7
9 6
9 5
9 1
10 123
10 103
10 84
10 80
10 62
10 58
10 49
10 48
10 41
10 39
10 34
10 25
10 20
10 17
10 16
10 8
10 4
10 3
10 2
11 127
11 124
11 120
11 119
11 118
11 116
11 113
11 111
11 109
11 108
11 107
11 104
11 102
11 101
11 97
11 96
11 89
11 86
11 79
11 78
11 77
11 73
11 71
11 66
11 56
11 54
11 47
11 46
11 43
11 38
11 36
11 34
11 32
11 31
11 30
11 28
11 26
11 15
11 4
11 2
11 0
12 127
12 126
12 125
12 122
12 121
12 115
12 114
12 112
12 110
12 107
12 106
12 105
12 102
12 95
12 94
12 93
12 92
12 91
12 90
12 88
12 87
12 85
12 83
12 81
12 75
12 74
12 70
12 69
12 68
12 67
12 66
12 65
12 63
12 61
12 60
12 59
12 57
12 56
12 55
12 54
12 52
12 51
12 44
12 40
12 37
12 29
12 27
12 26
12 24
12 23
12 22
12 19
12 9
12 7
12 5
12 1
13 127
13 126
13 125
13 124
13 122
13 117
13 116
13 115
13 114
13 113
13 112
13 109
13 107
13 106
13 104
13 100
13 99
13 98
13 96
13 93
13 92
13 91
13 90
13 89
13 87
13 85
13 82
13 81
13 78
13 77
13 75
13 74
13 73
13 72
13 68
13 67
13 65
13 64
13 61
13 57
13 52
13 51
13 50
13 45
13 44
13 42
13 38
13 37
13 29
13 27
13 26
13 24
13 23
13 19
13 18
13 9
13 7
13 6
13 1
14 123
14 111
14 103
14 76
14 58
14 53
14 48
14 47
14 39
14 36
14 28
14 25
14 20
14 17
14 8
14 4
14 3
14 2
15 127
15 124
15 120
15 119
15 116
15 113
15 109
15 108
15 107
15 104
15 101
15 100
15 99
15 97
15 96
15 89
15 86
15 79
15 78
15 77
15 73
15 72
15 64
15 50
15 47
15 46
15 43
15 42
15 38
15 36
15 34
15 33
15 32
15 31
15 30
15 26
15 18
15 11
15 7
15 4
15 2
15 0
16 103
16 84
16 80
16 62
16 58
16 49
16 48
16 41
16 20
16 10
16 8
16 3
16 2
17 123
17 111
17 103
17 86
17 84
17 80
17 76
17 62
17 58
17 53
17 49
17 48
17 47
17 41
17 39
17 28
17 25
17 20
17 14
17 10
17 8
17 4
17 3
17 2
18 127
18 125
18 124
18 122
18 121
18 120
18 116
18 114
18 113
18 112
18 109
18 108
18 107
18 106
18 104
18 101
18 100
18 99
18 98
18 96
18 93
18 91
18 90
18 89
18 87
18 82
18 79
18 78
18 77
18 75
18 74
18 73
18 72
18 68
18 67
18 66
18 65
18 64
18 63
18 61
18 57
18 51
18 50
18 44
18 42
18 38
18 33
18 32
18 29
18 27
18 26
18 19
18 15
18 13
18 9
18 7
18 6
18 1
18 0
19 127
19 126
19 125
19 122
19 121
19 117
19 115
19 114
19 113
19 112
19 110
19 109
19 106
19 100
19 99
19 98
19 95
19 93
19 92
19 91
19 90
19 88
19 87
19 85
19 83
19 82
19 81
19 75
19 74
19 72
19 70
19 68
19 67
19 65
19 63
19 61
19 60
19 57
19 52
19 51
19 45
19 44
19 42
19 40
19 38
19 37
19 35
19 29
19 27
19 26
19 24
19 23
19 21
19 18
19 13
19 12
19 9
19 7
19 6
19 5
19 1
20 123
20 111
20 103
20 86
20 84
20 80
20 76
20 62
20 58
20 53
20 49
20 48
20 47
20 41
20 39
20 28
20 25
20 17
20 16
20 14
20 10
20 8
20 4
20 3
20 2
21 126
21 125
21 122
21 117
21 115
21 114
21 112
21 110
21 106
21 98
21 93
21 92
21 91
21 90
21 85
21 83
21 82
21 81
21 74
21 68
21 67
21 65
21 61
21 60
21 57
21 52
21 51
21 45
21 44
21 40
21 37
21 35
21 29
21 27
21 24
21 23
21 19
21 9
21 6
21 1
22 127
22 126
22 125
22 122
22 121
22 118
22 112
22 110
22 109
22 108
22 107
22 106
22 105
22 102
22 97
22 95
22 94
22 92
22 91
22 90
22 88
22 87
22 83
22 75
22 74
22 71
22 70
22 69
22 67
22 66
22 65
22 63
22 61
22 59
22 56
22 55
22 54
22 51
22 44
22 43
22 40
22 27
22 26
22 23
22 12
22 9
22 5
22 1
22 0
23 127
23 126
23 125
23 122
23 121
23 117
23 115
23 114
23 112
23 110
23 106
23 99
23 98
23 95
23 93
23 92
23 91
23 90
23 88
23 87
23 85
23 83
23 82
23 81
23 75
23 74
23 72
23 70
23 69
23 68
23 67
23 65
23 63
23 61
23 60
23 59
23 57
23 52
23 51
23 45
23 44
23 42
23 40
23 37
23 35
23 29
23 27
23 26
23 24
23 22
23 21
23 19
23 13
23 12
23 9
23 7
23 6
23 5
23 1
24 127
24 126
24 125
24 122
24 117
24 115
24 114
24 112
24 110
24 106
24 99
24 98
24 95
24 93
24 92
24 91
24 90
24 87
24 85
24 83
24 82
24 81
24 75
24 74
24 72
24 70
24 68
24 67
24 65
24 61
24 60
24 57
24 52
24 51
24 45
24 44
24 42
24 40
24 37
24 35
24 29
24 27
24 26
24 23
24 21
24 19
24 13
24 12
24 9
24 7
24 6
24 1
25 123
25 111
25 103
25 86
25 84
25 80
25 76
25 62
25 58
25 53
25 49
25 48
25 47
25 41
25 39
25 28
25 20
25 17
25 14
25 10
25 8
25 4
25 3
25 2
26 127
26 126
26 125
26 124
26 122
26 121
26 119
26 118
26 116
26 115
26 114
26 113
26 112
26 110
26 109
26 108
26 107
26 106
26 104
26 102
26 101
26 100
26 99
26 98
26 97
26 96
26 95
26 93
26 92
26 91
26 90
26 89
26 88
26 87
26 83
26 82
26 79
26 78
26 77
26 75
26 74
26 73
26 72
26 71
26 70
26 69
26 68
26 67
26 66
26 65
26 64
26 63
26 61
26 59
26 57
26 56
26 54
26 52
26 51
26 45
26 44
26 43
26 42
26 40
26 38
26 37
26 32
26 31
26 30
26 29
26 27
26 24
26 23
26 22
26 19
26 18
26 15
26 13
26 12
26 11
26 9
26 7
26 6
26 5
26 1
26 0
27 127
27 126
27 125
27 124
27 122
27 121
27 117
27 116
27 115
27 114
27 113
27 112
27 110
27 109
27 108
27 107
27 106
27 104
27 101
27 100
27 99
27 98
27 96
27 95
27 93
27 92
27 91
27 90
27 89
27 88
27 87
27 85
27 83
27 82
27 81
27 79
27 78
27 77
27 75
27 74
27 73
27 72
27 70
27 69
27 68
27 67
27 66
27 65
27 64
27 63
27 61
27 60
27 57
27 54
27 52
27 51
27 45
27 44
27 42
27 40
27 38
27 37
27 35
27 29
27 26
27 24
27 23
27 22
27 21
27 19
27 18
27 13
27 12
27 9
27 7
27 6
27 5
27 1
27 0
28 123
28 111
28 103
28 86
28 76
28 58
28 53
28 48
28 47
28 46
28 39
28 36
28 31
28 25
28 20
28 17
28 14
28 11
28 8
28 4
28 3
28 2
29 127
29 126
29 125
29 122
29 121
29 117
29 115
29 114
29 113
29 112
29 110
29 106
29 99
29 98
29 95
29 93
29 92
29 91
29 90
29 88
29 87
29 85
29 83
29 82
29 81
29 75
29 74
29 72
29 70
29 69
29 68
29 67
29 65
29 63
29 61
29 60
29 59
29 57
29 52
29 51
29 45
29 44
29 42
29 40
29 37
29 35
29 27
29 26
29 24
29 23
29 21
29 19
29 18
29 13
29 12
29 9
29 7
29 6
29 5
29 1
30 127
30 124
30 121
30 119
30 118
30 116
30 113
30 111
30 109
30 108
30 107
30 104
30 102
30 101
30 97
30 96
30 89
30 87
30 79
30 78
30 77
30 75
30 73
30 71
30 69
30 66
30 63
30 56
30 54
30 46
30 43
30 42
30 38
30 36
30 32
30 31
30 26
30 15
30 11
30 0
31 127
31 120
31 119
31 116
31 113
31 111
31 109
31 108
31 107
31 104
31 102
31 101
31 97
31 96
31 89
31 86
31 79
31 78
31 73
31 71
31 64
31 56
31 54
31 47
31 46
31 43
31 38
31 36
31 34
31 32
31 30
31 28
31 26
31 15
31 11
31 4
31 2
31 0
32 127
32 124
32 120
32 119
32 116
32 113
32 111
32 109
32 108
32 107
32 104
32 102
32 101
32 100
32 99
32 97
32 96
32 90
32 89
32 87
32 86
32 79
32 78
32 77
32 75
32 73
32 72
32 71
32 64
32 61
32 56
32 54
32 50
32 47
32 46
32 43
32 42
32 38
32 36
32 34
32 33
32 31
32 30
32 26
32 18
32 15
32 11
32 7
32 4
32 2
32 0
33 124
33 120
33 116
33 113
33 104
33 100
33 96
33 86
33 80
33 77
33 73
33 72
33 64
33 62
33 50
33 49
33 38
33 34
33 32
33 18
33 15
33 2
34 124
34 120
34 116
34 113
34 104
34 101
34 96
34 89
34 86
34 80
34 79
34 78
34 77
34 73
34 64
34 62
34 50
34 49
34 47
34 46
34 41
34 38
34 36
34 33
34 32
34 31
34 15
34 11
34 10
34 4
34 2
35 126
35 125
35 122
35 117
35 115
35 114
35 112
35 110
35 106
35 98
35 95
35 93
35 92
35 91
35 90
35 87
35 85
35 83
35 82
35 81
35 74
35 68
35 67
35 65
35 61
35 60
35 57
35 52
35 51
35 45
35 44
35 40
35 37
35 29
35 27
35 24
35 23
35 21
35 19
35 9
35 7
35 6
35 1
36 119
36 118
36 116
36 111
36 109
36 108
36 107
36 104
36 102
36 101
36 97
36 89
36 86
36 79
36 78
36 76
36 73
36 71
36 56
36 54
36 53
36 47
36 46
36 43
36 34
36 32
36 31
36 30
36 28
36 15
36 14
36 11
36 4
36 2
36 0
37 127
37 126
37 125
37 122
37 121
37 117
37 115
37 114
37 112
37 110
37 106
37 99
37 98
37 95
37 93
37 92
37 91
37 90
37 88
37 87
37 85
37 83
37 82
37 81
37 75
37 74
37 70
37 68
37 67
37 65
37 61
37 60
37 59
37 57
37 52
37 51
37 45
37 44
37 42
37 40
37 35
37 29
37 27
37 26
37 24
37 23
37 21
37 19
37 13
37 12
37 9
37 7
37 6
37 5
37 1
38 127
38 125
38 124
38 122
38 121
38 120
38 116
38 114
38 113
38 112
38 109
38 108
38 107
38 106
38 104
38 102
38 101
38 100
38 99
38 98
38 97
38 96
38 93
38 91
38 90
38 89
38 87
38 82
38 79
38 78
38 77
38 75
38 73
38 72
38 68
38 67
38 65
38 64
38 63
38 61
38 56
38 54
38 51
38 50
38 44
38 42
38 34
38 33
38 32
38 31
38 30
38 27
38 26
38 19
38 18
38 15
38 13
38 11
38 7
38 6
38 0
39 123
39 111
39 103
39 84
39 80
39 76
39 58
39 53
39 48
39 47
39 41
39 28
39 25
39 20
39 17
39 14
39 10
39 8
39 4
39 3
39 2
40 127
40 126
40 125
40 122
40 121
40 117
40 115
40 114
40 112
40 110
40 106
40 98
40 95
40 93
40 92
40 91
40 90
40 88
40 87
40 85
40 83
40 82
40 81
40 75
40 74
40 70
40 69
40 68
40 67
40 65
40 61
40 60
40 59
40 57
40 55
40 52
40 51
40 45
40 44
40 42
40 37
40 35
40 29
40 27
40 26
40 24
40 23
40 22
40 21
40 19
40 12
40 9
40 7
40 6
40 5
40 1
41 123
41 103
41 86
41 84
41 80
41 62
41 58
41 49
41 48
41 47
41 39
41 34
41 25
41 20
41 17
41 16
41 10
41 8
41 4
41 3
41 2
42 127
42 126
42 125
42 124
42 122
42 121
42 117
42 116
42 115
42 114
42 113
42 112
42 110
42 109
42 108
42 107
42 106
42 104
42 102
42 101
42 100
42 99
42 98
42 97
42 96
42 95
42 93
42 92
42 91
42 90
42 89
42 87
42 85
42 82
42 81
42 79
42 78
42 77
42 75
42 74
42 73
42 72
42 70
42 69
42 68
42 67
42 66
42 65
42 64
42 63
42 61
42 57
42 56
42 54
42 52
42 51
42 50
42 45
42 44
42 40
42 38
42 37
42 32
42 30
42 29
42 27
42 26
42 24
42 23
42 19
42 18
42 15
42 13
42 9
42 7
42 6
42 1
42 0
43 127
43 121
43 119
43 118
43 116
43 113
43 111
43 109
43 108
43 107
43 104
43 102
43 101
43 97
43 89
43 88
43 87
43 79
43 78
43 75
43 73
43 71
43 70
43 69
43 66
43 63
43 56
43 54
43 46
43 36
43 32
43 31
43 30
43 26
43 22
43 15
43 11
43 0
44 127
44 126
44 125
44 124
44 122
44 121
44 117
44 115
44 114
44 113
44 112
44 110
44 109
44 107
44 106
44 100
44 99
44 98
44 95
44 93
44 92
44 91
44 90
44 89
44 88
44 87
44 85
44 83
44 82
44 81
44 78
44 77
44 75
44 74
44 73
44 72
44 70
44 69
44 68
44 67
44 65
44 63
44 61
44 60
44 59
44 57
44 52
44 51
44 45
44 42
44 40
44 38
44 37
44 35
44 29
44 27
44 26
44 24
44 23
44 22
44 21
44 19
44 18
44 13
44 12
44 9
44 7
44 6
44 5
44 1
45 127
45 126
45 125
45 122
45 117
45 115
45 114
45 112
45 110
45 106
45 99
45 98
45 95
45 93
45 92
45 91
45 90
45 87
45 85
45 83
45 82
45 81
45 75
45 74
45 72
45 68
45 67
45 65
45 61
45 60
45 57
45 52
45 51
45 44
45 42
45 40
45 37
45 35
45 29
45 27
45 26
45 24
45 23
45 21
45 19
45 13
45 9
45 7
45 6
45 1
46 119
46 118
46 116
46 111
46 109
46 108
46 107
46 102
46 101
46 97
46 89
46 86
46 79
46 78
46 76
46 73
46 71
46 66
46 56
46 54
46 53
46 47
46 43
46 36
46 34
46 32
46 31
46 30
46 28
46 15
46 11
46 4
46 0
47 123
47 111
47 103
47 86
47 80
47 76
47 62
47 53
47 48
47 46
47 41
47 39
47 36
47 34
47 32
47 31
47 28
47 25
47 20
47 17
47 15
47 14
47 11
47 8
47 4
47 3
47 2
48 123
48 103
48 84
48 80
48 76
48 62
48 58
48 53
48 49
48 47
48 41
48 39
48 28
48 25
48 20
48 17
48 16
48 14
48 10
48 8
48 4
48 3
48 2
49 123
49 103
49 86
49 84
49 80
49 62
49 58
49 48
49 41
49 34
49 33
49 25
49 20
49 17
49 16
49 10
49 8
49 4
49 3
49 2
50 127
50 124
50 120
50 116
50 113
50 109
50 104
50 101
50 100
50 99
50 96
50 90
50 89
50 79
50 78
50 77
50 73
50 72
50 64
50 61
50 42
50 38
50 34
50 33
50 32
50 18
50 15
50 13
50 7
50 6
51 127
51 126
51 125
51 124
51 122
51 121
51 117
51 116
51 115
51 114
51 113
51 112
51 110
51 109
51 108
51 107
51 106
51 104
51 101
51 100
51 99
51 98
51 96
51 95
51 93
51 92
51 91
51 90
51 89
51 88
51 87
51 85
51 83
51 82
51 81
51 79
51 78
51 77
51 75
51 74
51 73
51 72
51 70
51 69
51 68
51 67
51 66
51 65
51 63
51 61
51 60
51 57
51 54
51 52
51 45
51 44
51 42
51 40
51 38
51 37
51 35
51 29
51 27
51 26
51 24
51 23
51 22
51 21
51 19
51 18
51 13
51 12
51 9
51 7
51 6
51 5
51 1
52 127
52 126
52 125
52 122
52 117
52 115
52 114
52 113
52 112
52 110
52 106
52 99
52 98
52 95
52 93
52 92
52 91
52 90
52 87
52 85
52 83
52 82
52 81
52 75
52 74
52 72
52 70
52 68
52 67
52 65
52 61
52 60
52 57
52 51
52 45
52 44
52 42
52 40
52 37
52 35
52 29
52 27
52 26
52 24
52 23
52 21
52 19
52 13
52 12
52 9
52 7
52 6
52 5
52 1
53 123
53 111
53 103
53 86
53 76
53 48
53 47
53 46
53 39
53 36
53 28
53 25
53 20
53 17
53 14
53 8
53 4
53 3
53 2
54 127
54 126
54 121
54 119
54 118
54 116
54 113
54 109
54 108
54 107
54 106
54 104
54 102
54 101
54 99
54 97
54 96
54 95
54 91
54 90
54 89
54 88
54 87
54 79
54 78
54 77
54 75
54 74
54 73
54 72
54 71
54 70
54 69
54 67
54 66
54 63
54 61
54 59
54 56
54 55
54 51
54 46
54 43
54 42
54 38
54 36
54 32
54 31
54 30
54 27
54 26
54 22
54 12
54 11
54 7
54 5
54 0
55 126
55 121
55 112
55 110
55 106
55 105
55 95
55 94
55 92
55 88
55 83
55 75
55 74
55 70
55 69
55 66
55 63
55 59
55 56
55 54
55 40
55 22
55 12
55 9
55 5
55 1
56 127
56 126
56 121
56 119
56 118
56 116
56 113
56 109
56 108
56 107
56 106
56 104
56 102
56 101
56 99
56 97
56 95
56 94
56 91
56 90
56 89
56 88
56 87
56 79
56 78
56 75
56 73
56 71
56 70
56 69
56 67
56 66
56 63
56 61
56 59
56 55
56 54
56 46
56 43
56 42
56 38
56 36
56 32
56 31
56 30
56 26
56 22
56 12
56 11
56 7
56 5
56 0
57 127
57 126
57 125
57 122
57 117
57 115
57 114
57 113
57 112
57 110
57 106
57 99
57 98
57 95
57 93
57 92
57 91
57 90
57 87
57 85
57 83
57 82
57 81
57 75
57 74
57 72
57 70
57 68
57 67
57 65
57 61
57 60
57 52
57 51
57 45
57 44
57 42
57 40
57 37
57 35
57 29
57 27
57 26
57 24
57 23
57 21
57 19
57 18
57 13
57 12
57 9
57 7
57 6
57 1
58 123
58 103
58 86
58 84
58 80
58 76
58 62
58 49
58 48
58 41
58 39
58 28
58 25
58 20
58 17
58 16
58 14
58 10
58 8
58 4
58 3
58 2
59 127
59 126
59 125
59 122
59 121
59 112
59 110
59 106
59 105
59 102
59 95
59 94
59 92
59 91
59 88
59 87
59 83
59 75
59 74
59 70
59 69
59 67
59 66
59 63
59 56
59 55
59 54
59 44
59 40
59 37
59 29
59 26
59 23
59 22
59 12
59 9
59 5
59 1
60 126
60 125
60 122
60 117
60 115
60 114
60 112
60 110
60 106
60 98
60 95
60 93
60 92
60 91
60 90
60 87
60 85
60 83
60 82
60 81
60 75
60 74
60 70
60 68
60 67
60 65
60 61
60 57
60 52
60 51
60 45
60 44
60 40
60 37
60 35
60 29
60 27
60 24
60 23
60 21
60 19
60 12
60 9
60 7
60 6
60 1
61 127
61 126
61 125
61 124
61 122
61 121
61 117
61 116
61 115
61 114
61 113
61 112
61 110
61 109
61 108
61 107
61 106
61 104
61 102
61 101
61 100
61 99
61 98
61 97
61 96
61 95
61 93
61 92
61 91
61 90
61 89
61 88
61 87
61 85
61 83
61 82
61 81
61 79
61 78
61 77
61 75
61 74
61 73
61 72
61 70
61 69
61 68
61 67
61 66
61 65
61 64
61 63
61 60
61 57
61 56
61 54
61 52
61 51
61 50
61 45
61 44
61 42
61 40
61 38
61 37
61 35
61 32
61 29
61 27
61 26
61 24
61 23
61 22
61 21
61 19
61 18
61 13
61 12
61 9
61 7
61 6
61 5
61 1
61 0
62 123
62 120
62 103
62 86
62 84
62 80
62 58
62 49
62 48
62 47
62 41
62 34
62 33
62 25
62 20
62 17
62 16
62 10
62 8
62 4
62 3
62 2
63 127
63 126
63 125
63 124
63 122
63 121
63 119
63 118
63 116
63 114
63 113
63 112
63 110
63 109
63 108
63 107
63 106
63 105
63 104
63 102
63 101
63 100
63 99
63 98
63 97
63 95
63 94
63 92
63 91
63 90
63 89
63 88
63 87
63 83
63 79
63 78
63 77
63 75
63 74
63 73
63 72
63 71
63 70
63 69
63 68
63 67
63 66
63 65
63 61
63 59
63 56
63 55
63 54
63 51
63 44
63 43
63 42
63 38
63 30
63 29
63 27
63 26
63 23
63 22
63 19
63 18
63 12
63 9
63 7
63 6
63 5
63 1
63 0
64 127
64 124
64 120
64 116
64 113
64 109
64 108
64 107
64 104
64 101
64 100
64 99
64 98
64 96
64 90
64 89
64 87
64 86
64 79
64 78
64 77
64 75
64 73
64 72
64 67
64 61
64 50
64 42
64 38
64 34
64 33
64 32
64 31
64 27
64 26
64 18
64 15
64 13
64 7
64 6
64 0
65 127
65 126
65 125
65 124
65 122
65 121
65 117
65 116
65 115
65 114
65 113
65 112
65 110
65 109
65 108
65 107
65 106
65 104
65 101
65 100
65 99
65 98
65 96
65 95
65 93
65 92
65 91
65 90
65 89
65 88
65 87
65 85
65 83
65 82
65 81
65 78
65 77
65 75
65 74
65 73
65 72
65 70
65 69
65 68
65 67
65 66
65 63
65 61
65 60
65 57
65 52
65 51
65 45
65 44
65 42
65 40
65 38
65 37
65 35
65 29
65 27
65 26
65 24
65 23
65 22
65 21
65 19
65 18
65 13
65 12
65 9
65 7
65 6
65 5
65 1
66 127
66 126
66 125
66 122
66 121
66 119
66 118
66 116
66 114
66 113
66 110
66 109
66 108
66 107
66 106
66 105
66 102
66 101
66 99
66 98
66 97
66 95
66 94
66 91
66 90
66 89
66 88
66 87
66 83
66 79
66 78
66 75
66 74
66 73
66 72
66 71
66 70
66 69
66 67
66 65
66 63
66 61
66 59
66 56
66 55
66 54
66 51
66 46
66 43
66 42
66 30
66 27
66 26
66 22
66 18
66 12
66 11
66 7
66 5
66 1
66 0
67 127
67 126
67 125
67 124
67 122
67 121
67 117
67 116
67 115
67 114
67 113
67 112
67 110
67 109
67 108
67 107
67 106
67 104
67 102
67 101
67 100
67 99
67 98
67 97
67 96
67 95
67 93
67 92
67 91
67 90
67 89
67 88
67 87
67 85
67 83
67 82
67 81
67 79
67 78
67 77
67 75
67 74
67 73
67 72
67 70
67 69
67 68
67 66
67 65
67 64
67 63
67 61
67 60
67 59
67 57
67 56
67 54
67 52
67 51
67 45
67 44
67 42
67 40
67 38
67 37
67 35
67 29
67 27
67 26
67 24
67 23
67 22
67 21
67 19
67 18
67 13
67 12
67 9
67 7
67 6
67 5
67 1
67 0
68 127
68 126
68 125
68 124
68 122
68 121
68 117
68 115
68 114
68 113
68 112
68 110
68 109
68 107
68 106
68 100
68 99
68 98
68 95
68 93
68 92
68 91
68 90
68 87
68 85
68 83
68 82
68 81
68 78
68 77
68 75
68 74
68 73
68 72
68 70
68 69
68 67
68 65
68 63
68 61
68 60
68 57
68 52
68 51
68 45
68 44
68 42
68 40
68 38
68 37
68 35
68 29
68 27
68 26
68 24
68 23
68 21
68 19
68 18
68 13
68 12
68 9
68 7
68 6
68 5
68 1
69 127
69 126
69 125
69 122
69 121
69 119
69 118
69 114
69 113
69 112
69 110
69 109
69 108
69 107
69 106
69 105
69 102
69 101
69 99
69 98
69 97
69 95
69 94
69 92
69 91
69 90
69 89
69 88
69 87
69 83
69 79
69 78
69 75
69 74
69 71
69 70
69 68
69 67
69 66
69 65
69 63
69 61
69 59
69 56
69 55
69 54
69 51
69 44
69 43
69 42
69 40
69 30
69 29
69 27
69 26
69 23
69 22
69 12
69 9
69 7
69 5
69 1
69 0
70 127
70 126
70 125
70 122
70 121
70 115
70 114
70 112
70 110
70 109
70 107
70 106
70 105
70 102
70 98
70 97
70 95
70 94
70 93
70 92
70 91
70 90
70 88
70 87
70 85
70 83
70 75
70 74
70 69
70 68
70 67
70 66
70 65
70 63
70 61
70 60
70 59
70 57
70 56
70 55
70 54
70 52
70 51
70 44
70 43
70 42
70 40
70 37
70 29
70 27
70 26
70 24
70 23
70 22
70 19
70 12
70 9
70 7
70 5
70 1
71 121
71 119
71 118
71 111
71 109
71 108
71 107
71 102
71 101
71 97
71 89
71 79
71 78
71 69
71 66
71 63
71 56
71 54
71 46
71 43
71 36
71 32
71 31
71 30
71 26
71 22
71 11
71 0
72 127
72 126
72 125
72 124
72 122
72 121
72 120
72 116
72 115
72 114
72 113
72 112
72 109
72 108
72 107
72 106
72 104
72 101
72 100
72 99
72 98
72 96
72 93
72 91
72 90
72 89
72 87
72 82
72 79
72 78
72 77
72 75
72 74
72 73
72 68
72 67
72 66
72 65
72 64
72 63
72 61
72 57
72 54
72 52
72 51
72 50
72 45
72 44
72 42
72 38
72 33
72 32
72 29
72 27
72 26
72 24
72 23
72 19
72 18
72 15
72 13
72 9
72 7
72 6
72 1
72 0
73 127
73 125
73 124
73 122
73 120
73 119
73 116
73 114
73 113
73 109
73 108
73 107
73 104
73 102
73 101
73 100
73 99
73 98
73 97
73 96
73 91
73 90
73 89
73 87
73 86
73 79
73 78
73 77
73 75
73 72
73 68
73 67
73 66
73 65
73 64
73 63
73 61
73 56
73 54
73 51
73 50
73 46
73 44
73 43
73 42
73 38
73 36
73 34
73 33
73 32
73 31
73 30
73 27
73 26
73 18
73 15
73 13
73 11
73 7
73 6
73 4
73 0
74 127
74 126
74 125
74 122
74 121
74 117
74 115
74 114
74 113
74 112
74 110
74 109
74 107
74 106
74 105
74 100
74 99
74 98
74 95
74 94
74 93
74 92
74 91
74 90
74 88
74 87
74 85
74 83
74 82
74 81
74 78
74 75
74 72
74 70
74 69
74 68
74 67
74 66
74 65
74 63
74 61
74 60
74 59
74 57
74 55
74 54
74 52
74 51
74 45
74 44
74 42
74 40
74 37
74 35
74 29
74 27
74 26
74 24
74 23
74 22
74 21
74 19
74 18
74 13
74 12
74 9
74 7
74 6
74 5
74 1
75 127
75 126
75 125
75 124
75 122
75 121
75 117
75 116
75 115
75 114
75 113
75 112
75 110
75 109
75 108
75 107
75 106
75 104
75 102
75 101
75 100
75 99
75 98
75 97
75 96
75 95
75 94
75 93
75 92
75 91
75 90
75 89
75 88
75 87
75 85
75 83
75 82
75 81
75 79
75 78
75 77
75 74
75 73
75 72
75 70
75 69
75 68
75 67
75 66
75 65
75 64
75 63
75 61
75 60
75 59
75 57
75 56
75 55
75 54
75 52
75 51
75 45
75 44
75 43
75 42
75 40
75 38
75 37
75 32
75 30
75 29
75 27
75 26
75 24
75 23
75 22
75 19
75 18
75 13
75 12
75 9
75 7
75 6
75 5
75 1
75 0
76 123
76 111
76 103
76 86
76 58
76 53
76 48
76 47
76 46
76 39
76 36
76 28
76 25
76 20
76 17
76 14
76 8
76 4
76 3
76 2
77 127
77 125
77 124
77 122
77 120
77 116
77 114
77 113
77 109
77 108
77 107
77 106
77 104
77 101
77 100
77 99
77 98
77 97
77 96
77 91
77 90
77 89
77 87
77 82
77 79
77 78
77 75
77 73
77 72
77 68
77 67
77 65
77 64
77 63
77 61
77 54
77 51
77 50
77 44
77 42
77 38
77 34
77 33
77 32
77 30
77 27
77 26
77 18
77 15
77 13
77 11
77 7
77 6
77 0
78 127
78 125
78 124
78 122
78 121
78 120
78 119
78 118
78 116
78 114
78 113
78 109
78 108
78 107
78 106
78 104
78 102
78 101
78 100
78 99
78 98
78 97
78 96
78 91
78 90
78 89
78 87
78 86
78 82
78 79
78 77
78 75
78 74
78 73
78 72
78 71
78 69
78 68
78 67
78 66
78 65
78 64
78 63
78 61
78 56
78 54
78 51
78 50
78 46
78 44
78 43
78 42
78 38
78 36
78 34
78 32
78 31
78 30
78 27
78 26
78 18
78 15
78 13
78 11
78 7
78 6
78 0
79 127
79 124
79 121
79 119
79 118
79 116
79 113
79 109
79 108
79 107
79 104
79 102
79 101
79 100
79 99
79 98
79 97
79 96
79 91
79 90
79 89
79 87
79 86
79 78
79 77
79 75
79 73
79 72
79 71
79 69
79 67
79 66
79 64
79 63
79 61
79 56
79 54
79 51
79 50
79 46
79 43
79 42
79 38
79 36
79 34
79 32
79 31
79 30
79 27
79 26
79 18
79 15
79 11
79 7
79 0
80 123
80 103
80 86
80 84
80 62
80 58
80 49
80 48
80 47
80 41
80 39
80 34
80 33
80 25
80 20
80 17
80 16
80 10
80 8
80 4
80 3
80 2
81 127
81 126
81 125
81 122
81 117
81 115
81 114
81 112
81 110
81 106
81 98
81 95
81 93
81 92
81 91
81 90
81 87
81 85
81 83
81 82
81 75
81 74
81 68
81 67
81 65
81 61
81 60
81 57
81 52
81 51
81 45
81 44
81 42
81 40
81 37
81 35
81 29
81 27
81 24
81 23
81 21
81 19
81 13
81 12
81 9
81 7
81 6
81 1
82 127
82 126
82 125
82 124
82 122
82 117
82 115
82 114
82 113
82 112
82 110
82 109
82 107
82 106
82 100
82 99
82 98
82 95
82 93
82 92
82 91
82 90
82 87
82 85
82 83
82 81
82 78
82 77
82 75
82 74
82 72
82 68
82 67
82 65
82 61
82 60
82 57
82 52
82 51
82 45
82 44
82 42
82 40
82 38
82 37
82 35
82 29
82 27
82 26
82 24
82 23
82 21
82 19
82 18
82 13
82 9
82 7
82 6
82 1
83 127
83 126
83 125
83 122
83 121
83 117
83 115
83 114
83 112
83 110
83 106
83 105
83 98
83 95
83 94
83 93
83 92
83 91
83 90
83 88
83 87
83 85
83 82
83 81
83 75
83 74
83 70
83 69
83 68
83 67
83 66
83 65
83 63
83 61
83 60
83 59
83 57
83 55
83 52
83 51
83 45
83 44
83 40
83 37
83 35
83 29
83 27
83 26
83 24
83 23
83 22
83 21
83 19
83 12
83 9
83 7
83 5
83 1
84 123
84 103
84 80
84 62
84 58
84 49
84 48
84 41
84 39
84 25
84 20
84 17
84 16
84 10
84 8
84 4
84 3
84 2
85 126
85 125
85 122
85 117
85 115
85 114
85 112
85 110
85 106
85 98
85 95
85 93
85 92
85 91
85 90
85 87
85 83
85 82
85 81
85 75
85 74
85 70
85 68
85 67
85 65
85 61
85 60
85 57
85 52
85 51
85 45
85 44
85 42
85 40
85 37
85 35
85 29
85 27
85 24
85 23
85 21
85 19
85 13
85 12
85 9
85 7
85 6
85 1
86 123
86 120
86 116
86 111
86 104
86 103
86 101
86 96
86 89
86 80
86 79
86 78
86 76
86 73
86 64
86 62
86 58
86 53
86 49
86 47
86 46
86 41
86 36
86 34
86 33
86 32
86 31
86 28
86 25
86 20
86 17
86 15
86 11
86 8
86 4
86 3
86 2
87 127
87 126
87 125
87 124
87 122
87 121
87 117
87 116
87 115
87 114
87 113
87 112
87 110
87 109
87 108
87 107
87 106
87 104
87 102
87 101
87 100
87 99
87 98
87 97
87 96
87 95
87 93
87 92
87 91
87 90
87 89
87 88
87 85
87 83
87 82
87 81
87 79
87 78
87 77
87 75
87 74
87 73
87 72
87 70
87 69
87 68
87 67
87 66
87 65
87 64
87 63
87 61
87 60
87 59
87 57
87 56
87 54
87 52
87 51
87 45
87 44
87 43
87 42
87 40
87 38
87 37
87 35
87 32
87 30
87 29
87 27
87 26
87 24
87 23
87 22
87 19
87 18
87 13
87 12
87 9
87 7
87 6
87 5
87 1
87 0
88 127
88 126
88 125
88 122
88 121
88 118
88 115
88 114
88 112
88 110
88 109
88 107
88 106
88 105
88 102
88 97
88 95
88 94
88 92
88 91
88 90
88 87
88 83
88 75
88 74
88 70
88 69
88 67
88 66
88 65
88 63
88 61
88 59
88 56
88 55
88 54
88 51
88 44
88 43
88 40
88 37
88 29
88 27
88 26
88 23
88 22
88 19
88 12
88 9
88 7
88 5
88 1
89 127
89 125
89 124
89 122
89 121
89 120
89 119
89 118
89 116
89 114
89 113
89 109
89 108
89 107
89 106
89 104
89 102
89 101
89 100
89 99
89 98
89 97
89 96
89 91
89 90
89 87
89 86
89 79
89 78
89 77
89 75
89 73
89 72
89 71
89 69
89 67
89 66
89 65
89 64
89 63
89 61
89 56
89 54
89 51
89 50
89 46
89 44
89 43
89 42
89 38
89 36
89 34
89 32
89 31
89 30
89 27
89 26
89 18
89 15
89 13
89 11
89 7
89 6
89 0
90 127
90 126
90 125
90 124
90 122
90 121
90 117
90 116
90 115
90 114
90 113
90 112
90 110
90 109
90 108
90 107
90 106
90 104
90 101
90 100
90 99
90 98
90 97
90 96
90 95
90 93
90 92
90 91
90 89
90 88
90 87
90 85
90 83
90 82
90 81
90 79
90 78
90 77
90 75
90 74
90 73
90 72
90 70
90 69
90 68
90 67
90 66
90 65
90 64
90 63
90 61
90 60
90 57
90 56
90 54
90 52
90 51
90 50
90 45
90 44
90 42
90 40
90 38
90 37
90 35
90 32
90 29
90 27
90 26
90 24
90 23
90 22
90 21
90 19
90 18
90 13
90 12
90 9
90 7
90 6
90 5
90 1
90 0
91 127
91 126
91 125
91 124
91 122
91 121
91 117
91 116
91 115
91 114
91 113
91 112
91 110
91 109
91 108
91 107
91 106
91 104
91 101
91 100
91 99
91 98
91 97
91 96
91 95
91 93
91 92
91 90
91 89
91 88
91 87
91 85
91 83
91 82
91 81
91 79
91 78
91 77
91 75
91 74
91 73
91 72
91 70
91 69
91 68
91 67
91 66
91 65
91 63
91 61
91 60
91 59
91 57
91 56
91 54
91 52
91 51
91 45
91 44
91 42
91 40
91 38
91 37
91 35
91 29
91 27
91 26
91 24
91 23
91 22
91 21
91 19
91 18
91 13
91 12
91 9
91 7
91 6
91 5
91 1
91 0
92 127
92 126
92 125
92 122
92 121
92 117
92 115
92 114
92 112
92 110
92 106
92 105
92 99
92 98
92 95
92 94
92 93
92 91
92 90
92 88
92 87
92 85
92 83
92 82
92 81
92 75
92 74
92 70
92 69
92 68
92 67
92 65
92 63
92 61
92 60
92 59
92 57
92 55
92 52
92 51
92 45
92 44
92 42
92 40
92 37
92 35
92 29
92 27
92 26
92 24
92 23
92 22
92 21
92 19
92 13
92 12
92 9
92 7
92 6
92 5
92 1
93 127
93 126
93 125
93 122
93 117
93 115
93 114
93 113
93 112
93 110
93 109
93 106
93 100
93 99
93 98
93 95
93 92
93 91
93 90
93 87
93 85
93 83
93 82
93 81
93 75
93 74
93 72
93 70
93 68
93 67
93 65
93 61
93 60
93 57
93 52
93 51
93 45
93 44
93 42
93 40
93 38
93 37
93 35
93 29
93 27
93 26
93 24
93 23
93 21
93 19
93 18
93 13
93 12
93 9
93 7
93 6
93 1
94 126
94 121
94 110
94 106
94 105
94 95
94 92
94 88
94 83
94 75
94 74
94 70
94 69
94 66
94 63
94 59
94 56
94 55
94 22
94 12
94 5
94 1
95 127
95 126
95 125
95 122
95 121
95 117
95 115
95 114
95 112
95 110
95 109
95 107
95 106
95 105
95 98
95 94
95 93
95 92
95 91
95 90
95 88
95 87
95 85
95 83
95 82
95 81
95 75
95 74
95 70
95 69
95 68
95 67
95 66
95 65
95 63
95 61
95 60
95 59
95 57
95 56
95 55
95 54
95 52
95 51
95 45
95 44
95 42
95 40
95 37
95 35
95 29
95 27
95 26
95 24
95 23
95 22
95 19
95 12
95 9
95 7
95 5
95 1
96 127
96 124
96 120
96 116
96 113
96 109
96 108
96 107
96 104
96 101
96 100
96 99
96 98
96 97
96 91
96 90
96 89
96 87
96 86
96 79
96 78
96 77
96 75
96 73
96 72
96 67
96 65
96 64
96 61
96 54
96 51
96 50
96 42
96 38
96 34
96 33
96 32
96 31
96 30
96 27
96 26
96 18
96 15
96 13
96 11
96 7
96 6
96 0
97 127
97 124
97 121
97 119
97 118
97 116
97 113
97 111
97 109
97 108
97 107
97 104
97 102
97 101
97 99
97 96
97 91
97 90
97 89
97 88
97 87
97 79
97 78
97 77
97 75
97 73
97 71
97 70
97 69
97 67
97 66
97 63
97 61
97 56
97 54
97 46
97 43
97 42
97 38
97 36
97 32
97 31
97 30
97 26
97 22
97 15
97 11
97 7
97 5
97 0
98 127
98 126
98 125
98 124
98 122
98 121
98 117
98 116
98 115
98 114
98 113
98 112
98 110
98 109
98 108
98 107
98 106
98 104
98 101
98 100
98 99
98 96
98 95
98 93
98 92
98 91
98 90
98 89
98 87
98 85
98 83
98 82
98 81
98 79
98 78
98 77
98 75
98 74
98 73
98 72
98 70
98 69
98 68
98 67
98 66
98 65
98 64
98 63
98 61
98 60
98 57
98 52
98 51
98 45
98 44
98 42
98 40
98 38
98 37
98 35
98 29
98 27
98 26
98 24
98 23
98 21
98 19
98 18
98 13
98 9
98 7
98 6
98 1
99 127
99 126
99 125
99 124
99 122
99 121
99 120
99 116
99 115
99 114
99 113
99 112
99 109
99 108
99 107
99 106
99 104
99 101
99 100
99 98
99 97
99 96
99 93
99 92
99 91
99 90
99 89
99 87
99 82
99 79
99 78
99 77
99 75
99 74
99 73
99 72
99 69
99 68
99 67
99 66
99 65
99 64
99 63
99 61
99 57
99 56
99 54
99 52
99 51
99 50
99 45
99 44
99 42
99 38
99 37
99 32
99 29
99 27
99 26
99 24
99 23
99 19
99 18
99 15
99 13
99 9
99 7
99 6
99 1
99 0
100 127
100 125
100 124
100 122
100 120
100 116
100 114
100 113
100 112
100 109
100 108
100 107
100 106
100 104
100 101
100 99
100 98
100 96
100 93
100 91
100 90
100 89
100 87
100 82
100 79
100 78
100 77
100 75
100 74
100 73
100 72
100 68
100 67
100 65
100 64
100 63
100 61
100 51
100 50
100 44
100 42
100 38
100 33
100 32
100 27
100 26
100 19
100 18
100 15
100 13
100 7
100 6
100 1
101 127
101 125
101 124
101 122
101 121
101 120
101 119
101 118
101 116
101 113
101 109
101 108
101 107
101 106
101 104
101 102
101 100
101 99
101 98
101 97
101 96
101 91
101 90
101 89
101 87
101 86
101 79
101 78
101 77
101 75
101 73
101 72
101 71
101 69
101 67
101 66
101 65
101 64
101 63
101 61
101 56
101 54
101 51
101 50
101 46
101 43
101 42
101 38
101 36
101 34
101 32
101 31
101 30
101 27
101 26
101 18
101 15
101 11
101 7
101 6
101 4
101 0
102 127
102 121
102 119
102 118
102 116
102 113
102 109
102 108
102 107
102 104
102 101
102 97
102 89
102 88
102 87
102 79
102 78
102 75
102 73
102 71
102 70
102 69
102 67
102 66
102 63
102 61
102 59
102 56
102 54
102 46
102 43
102 42
102 38
102 36
102 32
102 31
102 30
102 26
102 22
102 12
102 11
102 7
102 5
102 0
103 123
103 86
103 84
103 80
103 76
103 62
103 58
103 53
103 49
103 48
103 47
103 41
103 39
103 28
103 25
103 20
103 17
103 16
103 14
103 10
103 8
103 4
103 3
103 2
104 127
104 125
104 124
104 122
104 120
104 116
104 114
104 113
104 109
104 108
104 107
104 102
104 101
104 100
104 99
104 98
104 97
104 96
104 91
104 90
104 89
104 87
104 86
104 79
104 78
104 77
104 75
104 73
104 72
104 67
104 65
104 64
104 63
104 61
104 56
104 54
104 51
104 50
104 43
104 42
104 38
104 36
104 34
104 33
104 32
104 31
104 30
104 27
104 26
104 18
104 15
104 13
104 11
104 7
104 6
104 0
105 126
105 121
105 110
105 106
105 95
105 94
105 92
105 88
105 83
105 74
105 70
105 69
105 66
105 63
105 59
105 55
105 22
105 12
105 5
105 1
106 127
106 126
106 125
106 122
106 121
106 117
106 115
106 114
106 113
106 112
106 110
106 109
106 108
106 107
106 105
106 101
106 100
106 99
106 98
106 95
106 94
106 93
106 92
106 91
106 90
106 89
106 88
106 87
106 85
106 83
106 82
106 81
106 78
106 77
106 75
106 74
106 72
106 70
106 69
106 68
106 67
106 66
106 65
106 63
106 61
106 60
106 59
106 57
106 56
106 55
106 54
106 52
106 51
106 45
106 44
106 42
106 40
106 38
106 37
106 35
106 29
106 27
106 26
106 24
106 23
106 22
106 21
106 19
106 18
106 13
106 12
106 9
106 7
106 6
106 5
106 1
107 127
107 126
107 125
107 124
107 122
107 121
107 119
107 118
107 116
107 114
107 113
107 112
107 109
107 108
107 106
107 104
107 102
107 101
107 100
107 99
107 98
107 97
107 96
107 95
107 91
107 90
107 89
107 88
107 87
107 82
107 79
107 78
107 77
107 75
107 74
107 73
107 72
107 71
107 70
107 69
107 68
107 67
107 66
107 65
107 64
107 63
107 61
107 56
107 54
107 51
107 46
107 44
107 43
107 42
107 38
107 36
107 32
107 31
107 30
107 27
107 26
107 22
107 18
107 15
107 13
107 12
107 11
107 7
107 6
107 5
107 1
107 0
108 127
108 125
108 124
108 122
108 121
108 119
108 118
108 116
108 113
108 109
108 107
108 106
108 104
108 102
108 101
108 100
108 99
108 98
108 97
108 96
108 91
108 90
108 89
108 87
108 79
108 78
108 77
108 75
108 73
108 72
108 71
108 69
108 67
108 66
108 65
108 64
108 63
108 61
108 56
108 54
108 51
108 46
108 43
108 42
108 38
108 36
108 32
108 31
108 30
108 27
108 26
108 22
108 18
108 15
108 11
108 7
108 0
109 127
109 126
109 125
109 124
109 122
109 121
109 119
109 118
109 116
109 114
109 113
109 112
109 108
109 107
109 106
109 104
109 102
109 101
109 100
109 99
109 98
109 97
109 96
109 95
109 93
109 91
109 90
109 89
109 88
109 87
109 82
109 79
109 78
109 77
109 75
109 74
109 73
109 72
109 71
109 70
109 69
109 68
109 67
109 66
109 65
109 64
109 63
109 61
109 56
109 54
109 51
109 50
109 46
109 44
109 43
109 42
109 38
109 36
109 32
109 31
109 30
109 27
109 26
109 22
109 19
109 18
109 15
109 13
109 11
109 9
109 7
109 6
109 5
109 1
109 0
110 127
110 126
110 125
110 122
110 121
110 117
110 115
110 114
110 112
110 106
110 105
110 98
110 95
110 94
110 93
110 92
110 91
110 90
110 88
110 87
110 85
110 83
110 82
110 81
110 75
110 74
110 70
110 69
110 68
110 67
110 66
110 65
110 63
110 61
110 60
110 59
110 57
110 55
110 52
110 51
110 45
110 44
110 42
110 40
110 37
110 35
110 29
110 27
110 26
110 24
110 23
110 22
110 21
110 19
110 12
110 9
110 7
110 6
110 5
110 1
111 123
111 119
111 97
111 86
111 76
111 71
111 53
111 47
111 46
111 43
111 39
111 36
111 32
111 31
111 30
111 28
111 25
111 20
111 17
111 14
111 11
111 8
111 4
111 3
112 127
112 126
112 125
112 122
112 121
112 117
112 115
112 114
112 113
112 110
112 109
112 107
112 106
112 100
112 99
112 98
112 95
112 93
112 92
112 91
112 90
112 88
112 87
112 85
112 83
112 82
112 81
112 75
112 74
112 72
112 70
112 69
112 68
112 67
112 65
112 63
112 61
112 60
112 59
112 57
112 55
112 52
112 51
112 45
112 44
112 42
112 40
112 38
112 37
112 35
112 29
112 27
112 26
112 24
112 23
112 22
112 21
112 19
112 18
112 13
112 12
112 9
112 7
112 6
112 5
112 1
113 127
113 126
113 125
113 124
113 122
113 121
113 120
113 116
113 114
113 112
113 109
113 108
113 107
113 106
113 104
113 102
113 101
113 100
113 99
113 98
113 97
113 96
113 93
113 91
113 90
113 89
113 87
113 82
113 79
113 78
113 77
113 75
113 74
113 73
113 72
113 69
113 68
113 67
113 66
113 65
113 64
113 63
113 61
113 57
113 56
113 54
113 52
113 51
113 50
113 44
113 43
113 42
113 38
113 34
113 33
113 32
113 31
113 30
113 29
113 27
113 26
113 19
113 18
113 15
113 13
113 11
113 9
113 7
113 6
113 1
113 0
114 127
114 126
114 125
114 124
114 122
114 121
114 117
114 116
114 115
114 113
114 112
114 110
114 109
114 107
114 106
114 104
114 100
114 99
114 98
114 95
114 93
114 92
114 91
114 90
114 89
114 88
114 87
114 85
114 83
114 82
114 81
114 78
114 77
114 75
114 74
114 73
114 72
114 70
114 69
114 68
114 67
114 66
114 65
114 63
114 61
114 60
114 57
114 52
114 51
114 45
114 44
114 42
114 40
114 38
114 37
114 35
114 29
114 27
114 26
114 24
114 23
114 21
114 19
114 18
114 13
114 12
114 9
114 7
114 6
114 5
114 1
115 127
115 126
115 125
115 122
115 117
115 114
115 112
115 110
115 106
115 99
115 98
115 95
115 93
115 92
115 91
115 90
115 88
115 87
115 85
115 83
115 82
115 81
115 75
115 74
115 72
115 70
115 68
115 67
115 65
115 61
115 60
115 57
115 52
115 51
115 45
115 44
115 42
115 40
115 37
115 35
115 29
115 27
115 26
115 24
115 23
115 21
115 19
115 13
115 12
115 9
115 7
115 6
115 5
115 1
116 127
116 125
116 124
116 122
116 120
116 119
116 114
116 113
116 109
116 108
116 107
116 104
116 102
116 101
116 100
116 99
116 98
116 97
116 96
116 91
116 90
116 89
116 87
116 86
116 79
116 78
116 77
116 75
116 73
116 72
116 67
116 66
116 65
116 64
116 63
116 61
116 56
116 54
116 51
116 50
116 46
116 43
116 42
116 38
116 36
116 34
116 33
116 32
116 31
116 30
116 27
116 26
116 18
116 15
116 13
116 11
116 7
116 6
116 4
116 0
117 126
117 125
117 122
117 115
117 114
117 112
117 110
117 106
117 98
117 95
117 93
117 92
117 91
117 90
117 87
117 85
117 83
117 82
117 81
117 75
117 74
117 68
117 67
117 65
117 61
117 60
117 57
117 52
117 51
117 45
117 44
117 42
117 40
117 37
117 35
117 29
117 27
117 24
117 23
117 21
117 19
117 13
117 9
117 7
117 6
117 1
118 121
118 119
118 109
118 108
118 107
118 102
118 101
118 97
118 89
118 88
118 79
118 78
118 71
118 69
118 66
118 63
118 56
118 54
118 46
118 43
118 36
118 30
118 26
118 22
118 11
118 0
119 121
119 118
119 116
119 111
119 109
119 108
119 107
119 102
119 101
119 97
119 89
119 79
119 78
119 73
119 71
119 69
119 66
119 63
119 56
119 54
119 46
119 43
119 36
119 32
119 31
119 30
119 26
119 15
119 11
119 0
120 124
120 116
120 113
120 104
120 101
120 100
120 99
120 96
120 89
120 86
120 78
120 77
120 73
120 72
120 64
120 62
120 50
120 38
120 34
120 33
120 32
120 31
120 18
120 15
120 11
120 4
120 2
121 127
121 126
121 125
121 122
121 119
121 118
121 114
121 113
121 112
121 110
121 109
121 108
121 107
121 106
121 105
121 102
121 101
121 99
121 98
121 97
121 95
121 94
121 92
121 91
121 90
121 89
121 88
121 87
121 83
121 79
121 78
121 75
121 74
121 72
121 71
121 70
121 69
121 68
121 67
121 66
121 65
121 63
121 61
121 59
121 56
121 55
121 54
121 51
121 44
121 43
121 42
121 40
121 38
121 37
121 30
121 29
121 27
121 26
121 23
121 22
121 19
121 18
121 12
121 9
121 7
121 6
121 5
121 1
121 0
122 127
122 126
122 125
122 124
122 121
122 117
122 116
122 115
122 114
122 113
122 112
122 110
122 109
122 108
122 107
122 106
122 104
122 101
122 100
122 99
122 98
122 95
122 93
122 92
122 91
122 90
122 89
122 88
122 87
122 85
122 83
122 82
122 81
122 78
122 77
122 75
122 74
122 73
122 72
122 70
122 69
122 68
122 67
122 66
122 65
122 63
122 61
122 60
122 59
122 57
122 52
122 51
122 45
122 44
122 42
122 40
122 38
122 37
122 35
122 29
122 27
122 26
122 24
122 23
122 22
122 21
122 19
122 18
122 13
122 12
122 9
122 7
122 6
122 5
122 1
123 111
123 103
123 86
123 84
123 80
123 76
123 62
123 58
123 53
123 49
123 48
123 47
123 41
123 39
123 28
123 25
123 20
123 17
123 14
123 10
123 8
123 4
123 3
123 2
124 127
124 125
124 122
124 120
124 116
124 114
124 113
124 109
124 108
124 107
124 104
124 101
124 100
124 99
124 98
124 97
124 96
124 91
124 90
124 89
124 87
124 82
124 79
124 78
124 77
124 75
124 73
124 72
124 68
124 67
124 65
124 64
124 63
124 61
124 51
124 50
124 44
124 42
124 38
124 34
124 33
124 32
124 30
124 27
124 26
124 18
124 15
124 13
124 11
124 7
124 6
124 0
125 127
125 126
125 124
125 122
125 121
125 117
125 116
125 115
125 114
125 113
125 112
125 110
125 109
125 108
125 107
125 106
125 104
125 101
125 100
125 99
125 98
125 95
125 93
125 92
125 91
125 90
125 89
125 88
125 87
125 85
125 83
125 82
125 81
125 78
125 77
125 75
125 74
125 73
125 72
125 70
125 69
125 68
125 67
125 66
125 65
125 63
125 61
125 60
125 59
125 57
125 52
125 51
125 45
125 44
125 42
125 40
125 38
125 37
125 35
125 29
125 27
125 26
125 24
125 23
125 22
125 21
125 19
125 18
125 13
125 12
125 9
125 7
125 6
125 5
125 1
126 127
126 125
126 122
126 121
126 117
126 115
126 114
126 113
126 112
126 110
126 109
126 107
126 106
126 105
126 99
126 98
126 95
126 94
126 93
126 92
126 91
126 90
126 88
126 87
126 85
126 83
126 82
126 81
126 75
126 74
126 72
126 70
126 69
126 68
126 67
126 66
126 65
126 63
126 61
126 60
126 59
126 57
126 56
126 55
126 54
126 52
126 51
126 45
126 44
126 42
126 40
126 37
126 35
126 29
126 27
126 26
126 24
126 23
126 22
126 21
126 19
126 13
126 12
126 9
126 7
126 6
126 5
126 1
127 126
127 125
127 124
127 122
127 121
127 116
127 115
127 114
127 113
127 112
127 110
127 109
127 108
127 107
127 106
127 104
127 102
127 101
127 100
127 99
127 98
127 97
127 96
127 95
127 93
127 92
127 91
127 90
127 89
127 88
127 87
127 83
127 82
127 81
127 79
127 78
127 77
127 75
127 74
127 73
127 72
127 70
127 69
127 68
127 67
127 66
127 65
127 64
127 63
127 61
127 59
127 57
127 56
127 54
127 52
127 51
127 50
127 45
127 44
127 43
127 42
127 40
127 38
127 37
127 32
127 31
127 30
127 29
127 27
127 26
127 24
127 23
127 22
127 19
127 18
127 15
127 13
127 12
127 11
127 9
127 7
127 6
127 5
127 1
127 0
