411
0 0 38
0 0 38
1 0 39
2 0 40
3 0 41
4 0 44
5 0 45
6 0 46
7 0 66
8 2 13
9 2 15
10 2 20
11 2 22
12 2 24
13 2 25
14 2 27
15 2 29
16 2 33
17 2 35
18 2 38
19 2 40
20 2 41
21 2 43
22 2 45
23 2 47
24 2 50
25 2 54
26 2 57
27 2 58
28 2 60
29 2 62
30 2 66
31 2 67
32 2 68
33 2 69
34 2 71
35 2 72
36 2 74
37 2 76
38 2 78
39 2 81
40 5 21
41 5 34
42 5 38
43 5 50
44 5 52
45 5 54
46 5 56
47 5 8
48 5 85
49 5 88
50 5 92
51 9 19
52 9 32
53 10 19
54 10 32
55 10 37
56 10 49
57 10 53
58 11 19
59 11 29
60 11 32
61 11 37
62 11 45
63 11 49
64 11 53
65 11 62
66 11 76
67 11 83
68 11 86
69 11 9
70 12 5
71 13 97
72 15 38
73 15 50
74 15 52
75 15 54
76 15 56
77 15 8
78 17 25
79 17 26
80 17 27
81 17 41
82 17 42
83 17 43
84 17 58
85 17 59
86 17 60
87 17 66
88 17 67
89 17 68
90 17 69
91 17 72
92 17 73
93 17 74
94 17 81
95 18 29
96 18 62
97 25 13
98 25 15
99 25 27
100 25 29
101 25 32
102 25 36
103 25 38
104 25 40
105 25 42
106 25 44
107 25 46
108 25 49
109 25 51
110 25 53
111 25 55
112 25 57
113 25 59
114 25 72
115 25 73
116 25 76
117 25 78
118 25 79
119 25 82
120 25 83
121 26 74
122 28 18
123 28 21
124 28 23
125 28 32
126 28 34
127 28 37
128 28 41
129 28 45
130 28 50
131 28 54
132 28 58
133 28 79
134 28 8
135 28 83
136 28 87
137 28 91
138 31 76
139 32 35
140 32 48
141 32 76
142 32 79
143 32 83
144 33 31
145 33 35
146 33 48
147 33 77
148 33 81
149 34 17
150 34 20
151 34 31
152 34 35
153 34 48
154 34 61
155 34 76
156 34 85
157 34 9
158 35 5
159 38 18
160 38 21
161 38 23
162 38 32
163 38 34
164 38 78
165 38 8
166 38 82
167 40 27
168 40 29
169 41 71
170 41 74
171 48 13
172 48 19
173 48 21
174 48 23
175 48 25
176 48 27
177 48 29
178 48 31
179 48 33
180 48 43
181 48 44
182 48 45
183 48 51
184 48 53
185 48 54
186 48 56
187 48 58
188 48 6
189 48 69
190 48 71
191 48 74
192 48 75
193 48 76
194 51 18
195 51 38
196 51 52
197 51 64
198 51 70
199 51 84
200 51 86
201 51 89
202 51 91
203 54 26
204 55 19
205 55 35
206 55 42
207 55 61
208 55 68
209 55 73
210 56 35
211 56 51
212 56 61
213 56 68
214 57 16
215 57 27
216 57 34
217 57 35
218 57 46
219 57 51
220 57 58
221 57 61
222 57 68
223 57 77
224 57 82
225 57 85
226 57 88
227 58 26
228 58 35
229 58 61
230 60 0
231 61 0
232 61 26
233 61 34
234 61 38
235 61 52
236 61 64
237 61 86
238 61 89
239 61 91
240 62 0
241 63 54
242 63 55
243 63 56
244 63 6
245 64 13
246 64 36
247 64 37
248 64 39
249 64 40
250 64 58
251 64 62
252 64 63
253 64 65
254 64 66
255 71 10
256 71 12
257 71 13
258 71 15
259 71 17
260 71 25
261 71 27
262 71 29
263 71 31
264 71 33
265 71 36
266 71 38
267 71 40
268 71 42
269 71 47
270 71 6
271 71 70
272 71 71
273 71 77
274 71 78
275 71 84
276 71 85
277 71 89
278 74 11
279 74 21
280 74 25
281 74 46
282 74 48
283 77 43
284 78 36
285 79 10
286 79 24
287 79 47
288 80 10
289 80 17
290 80 20
291 80 24
292 80 27
293 80 34
294 80 44
295 80 47
296 80 49
297 81 43
298 84 11
299 84 21
300 84 25
301 84 34
302 84 43
303 84 48
304 86 13
305 86 14
306 86 15
307 86 6
308 86 70
309 86 78
310 86 84
311 86 89
312 87 17
313 87 69
314 87 77
315 87 85
316 94 11
317 94 13
318 94 23
319 94 25
320 94 34
321 94 71
322 94 72
323 94 86
324 94 87
325 95 73
326 95 88
327 97 12
328 97 18
329 97 24
330 97 30
331 97 35
332 97 40
333 97 48
334 97 56
335 97 6
336 97 8
337 97 91
338 100 36
339 100 42
340 100 50
341 101 10
342 101 15
343 101 22
344 101 27
345 101 36
346 101 42
347 101 50
348 101 53
349 102 10
350 102 15
351 102 22
352 102 27
353 102 34
354 102 36
355 102 42
356 102 50
357 102 53
358 103 10
359 103 15
360 103 22
361 103 27
362 103 34
363 103 36
364 103 43
365 103 5
366 103 51
367 103 53
368 103 60
369 103 75
370 103 90
371 104 15
372 104 27
373 104 36
374 104 53
375 107 18
376 107 30
377 107 35
378 107 56
379 107 6
380 107 8
381 107 91
382 108 0
383 108 97
384 110 16
385 110 17
386 110 19
387 110 20
388 110 28
389 110 29
390 110 31
391 110 32
392 110 37
393 110 38
394 110 40
395 110 41
396 110 42
397 110 45
398 110 46
399 110 48
400 110 49
401 110 50
402 110 54
403 110 56
404 110 57
405 110 58
406 110 70
407 110 73
408 110 85
409 110 88
410 122 45
#VALOR!  
