662
0 0 20
1 0 39
2 0 45
3 0 58
4 0 64
5 0 77
6 2 11
7 2 16
8 2 25
9 2 31
10 2 32
11 2 33
12 2 35
13 2 38
14 2 39
15 2 43
16 2 44
17 2 47
18 2 48
19 2 49
20 2 54
21 2 56
22 2 59
23 2 60
24 2 64
25 2 65
26 2 68
27 2 69
28 2 70
29 2 75
30 2 77
31 2 82
32 2 9
33 3 41
34 3 62
35 5 101
36 5 36
37 5 97
38 9 101
39 9 94
40 9 97
41 10 15
42 10 24
43 10 35
44 10 79
45 10 95
46 10 99
47 11 15
48 11 24
49 11 35
50 11 5
51 11 79
52 15 100
53 15 36
54 15 96
55 16 25
56 17 32
57 17 33
58 17 38
59 17 44
60 17 47
61 17 54
62 17 56
63 17 59
64 17 65
65 17 68
66 17 75
67 17 77
68 18 42
69 18 48
70 18 63
71 18 69
72 25 48
73 25 49
74 25 59
75 25 60
76 25 62
77 25 74
78 25 75
79 25 76
80 25 77
81 26 63
82 28 103
83 28 14
84 28 18
85 28 23
86 28 8
87 31 15
88 32 93
89 34 27
90 34 93
91 35 100
92 35 5
93 38 103
94 38 14
95 38 18
96 38 23
97 38 8
98 40 48
99 40 74
100 40 76
101 41 47
102 41 58
103 41 64
104 41 77
105 48 103
106 48 19
107 48 35
108 48 36
109 48 39
110 48 40
111 48 42
112 48 46
113 48 48
114 48 50
115 48 51
116 48 54
117 48 55
118 48 59
119 48 60
120 48 63
121 48 64
122 48 65
123 48 70
124 48 72
125 48 75
126 48 77
127 48 90
128 48 92
129 49 57
130 51 100
131 51 24
132 51 27
133 51 31
134 51 45
135 51 47
136 51 49
137 51 81
138 51 85
139 51 95
140 51 98
141 55 42
142 56 42
143 56 46
144 56 48
145 57 22
146 57 25
147 57 42
148 57 46
149 57 48
150 57 79
151 57 86
152 57 9
153 57 94
154 57 97
155 58 42
156 58 82
157 61 0
158 61 100
159 61 109
160 61 45
161 61 47
162 61 49
163 61 85
164 61 95
165 61 98
166 63 103
167 63 35
168 63 39
169 63 51
170 63 54
171 63 60
172 63 63
173 63 70
174 63 72
175 63 75
176 63 77
177 64 19
178 64 43
179 64 44
180 64 58
181 64 64
182 71 100
183 71 102
184 71 14
185 71 30
186 71 34
187 71 36
188 71 38
189 71 42
190 71 44
191 71 45
192 71 53
193 71 55
194 71 59
195 71 60
196 71 63
197 71 64
198 71 68
199 71 69
200 71 70
201 71 73
202 72 0
203 74 11
204 74 36
205 74 41
206 74 44
207 74 48
208 74 6
209 74 73
210 74 75
211 74 79
212 74 84
213 74 9
214 74 90
215 74 94
216 77 37
217 77 76
218 78 34
219 78 37
220 78 42
221 78 45
222 78 87
223 78 90
224 78 94
225 79 34
226 79 37
227 79 42
228 79 45
229 79 72
230 79 88
231 79 92
232 80 20
233 80 34
234 80 37
235 80 42
236 80 45
237 80 49
238 80 5
239 80 72
240 80 8
241 80 96
242 81 37
243 81 45
244 84 11
245 84 48
246 84 6
247 84 73
248 84 75
249 84 79
250 84 84
251 84 89
252 84 9
253 84 93
254 86 14
255 86 59
256 86 63
257 86 69
258 87 30
259 87 39
260 87 40
261 87 46
262 87 47
263 87 70
264 90 0
265 94 101
266 94 13
267 94 16
268 94 18
269 94 24
270 94 31
271 94 34
272 94 36
273 94 38
274 94 39
275 94 41
276 94 43
277 94 45
278 94 46
279 94 47
280 94 49
281 94 50
282 94 53
283 94 54
284 94 58
285 94 59
286 94 62
287 94 63
288 94 64
289 94 69
290 94 99
291 95 56
292 97 11
293 97 14
294 97 17
295 97 21
296 97 35
297 97 38
298 97 40
299 97 42
300 97 45
301 97 7
302 97 78
303 97 83
304 97 89
305 97 93
306 100 75
307 101 15
308 101 36
309 101 43
310 101 86
311 101 89
312 101 93
313 102 13
314 102 15
315 102 34
316 102 36
317 102 39
318 102 41
319 102 43
320 102 87
321 102 91
322 103 13
323 103 15
324 103 20
325 103 34
326 103 36
327 103 39
328 103 41
329 103 43
330 103 5
331 103 71
332 103 95
333 104 8
334 107 0
335 107 11
336 107 14
337 107 21
338 107 35
339 107 40
340 107 42
341 107 78
342 107 83
343 107 88
344 107 92
345 108 0
346 109 24
347 109 47
348 109 50
349 109 53
350 109 59
351 109 62
352 109 69
353 110 31
354 110 57
355 110 63
356 117 101
357 117 11
358 117 13
359 117 28
360 117 29
361 117 31
362 117 33
363 117 35
364 117 36
365 117 38
366 117 44
367 117 51
368 117 55
369 117 57
370 117 58
371 117 59
372 117 62
373 117 63
374 117 99
375 120 17
376 120 20
377 120 24
378 120 32
379 120 35
380 120 37
381 120 39
382 120 41
383 120 56
384 120 68
385 120 74
386 120 78
387 120 8
388 120 83
389 120 89
390 120 93
391 123 75
392 124 33
393 124 86
394 124 89
395 124 93
396 125 31
397 125 33
398 125 36
399 125 38
400 125 55
401 125 87
402 125 91
403 126 15
404 126 18
405 126 31
406 126 33
407 126 36
408 126 38
409 126 40
410 126 55
411 126 95
412 127 5
413 127 65
414 130 32
415 130 37
416 130 39
417 130 41
418 130 56
419 130 68
420 130 74
421 130 78
422 130 8
423 130 83
424 130 88
425 130 92
426 132 11
427 132 13
428 132 28
429 132 44
430 132 58
431 132 59
432 132 62
433 133 51
434 140 101
435 140 11
436 140 14
437 140 16
438 140 19
439 140 21
440 140 23
441 140 24
442 140 25
443 140 28
444 140 29
445 140 43
446 140 44
447 140 47
448 140 49
449 140 52
450 140 53
451 140 57
452 140 58
453 140 61
454 140 62
455 140 63
456 140 68
457 140 70
458 140 85
459 141 55
460 143 33
461 143 36
462 143 40
463 143 48
464 143 75
465 143 77
466 143 8
467 143 80
468 143 82
469 147 46
470 148 46
471 149 10
472 149 23
473 149 31
474 149 34
475 149 46
476 149 76
477 149 79
478 149 91
479 150 5
480 150 72
481 153 15
482 153 21
483 153 75
484 153 77
485 153 8
486 153 80
487 153 82
488 155 11
489 155 17
490 155 23
491 155 28
492 155 29
493 155 43
494 155 44
495 155 52
496 155 58
497 155 61
498 155 68
499 155 70
500 155 85
501 156 101
502 156 18
503 156 24
504 156 56
505 156 62
506 163 101
507 163 103
508 163 11
509 163 14
510 163 16
511 163 19
512 163 21
513 163 23
514 163 24
515 163 25
516 163 28
517 163 31
518 163 33
519 163 36
520 163 38
521 163 40
522 163 41
523 163 42
524 163 48
525 163 50
526 163 51
527 163 54
528 163 55
529 163 59
530 163 60
531 163 63
532 163 64
533 163 65
534 163 70
535 163 72
536 164 57
537 166 45
538 166 7
539 166 76
540 166 80
541 166 85
542 166 91
543 166 95
544 169 77
545 170 88
546 170 91
547 170 95
548 171 89
549 171 93
550 172 10
551 172 23
552 172 27
553 172 40
554 172 44
555 172 5
556 172 74
557 172 97
558 176 15
559 176 21
560 176 32
561 176 38
562 176 45
563 176 80
564 176 85
565 176 90
566 176 94
567 178 11
568 178 17
569 178 23
570 178 28
571 178 34
572 178 40
573 178 48
574 178 51
575 178 54
576 178 60
577 178 63
578 178 70
579 178 72
580 179 18
581 179 24
582 179 35
583 179 41
584 179 58
585 179 64
586 185 0
587 186 0
588 186 101
589 186 103
590 186 22
591 186 28
592 186 29
593 186 32
594 186 34
595 186 45
596 186 46
597 186 48
598 186 51
599 186 6
600 187 0
601 188 0
602 189 33
603 189 37
604 189 40
605 189 42
606 189 49
607 189 55
608 189 58
609 189 62
610 189 66
611 189 70
612 189 76
613 189 80
614 189 85
615 189 91
616 189 95
617 192 77
618 193 31
619 193 88
620 193 91
621 193 95
622 194 31
623 194 48
624 194 89
625 194 93
626 195 12
627 195 31
628 195 36
629 195 39
630 195 48
631 195 53
632 195 56
633 195 97
634 196 63
635 196 67
636 199 37
637 199 40
638 199 42
639 199 49
640 199 66
641 199 70
642 199 76
643 199 80
644 199 85
645 199 90
646 199 94
647 201 28
648 201 46
649 201 51
650 201 6
651 202 22
652 209 0
653 210 0
654 216 0
655 227 15
656 227 29
657 227 43
658 227 45
659 227 52
660 227 57
661 227 71
#VALOR!  
